-4.286 
-4.571 
-4.857 
-5.143 
-5.429 
-5.714 
-6.000 
-6.286 
-6.571 
-6.857 
-7.143 
-7.429 
-4.824 
-3.574 
-2.975 
-2.582 
-2.287 
-2.048 
-1.838 
-1.653 
-1.488 
-1.336 
-1.193 
-1.059 
-0.923 
-0.794 
-0.673 
-0.555 
-0.440 
-0.324 
-0.211 
-0.089 
 0.246 
 0.262 
 0.271 
 0.279 
 0.285 
 0.291 
 0.295 
 0.300 
 0.304 
 0.307 
 0.311 
 0.314 
 0.316 
 0.319 
 0.321 
 0.323 
 0.325 
 0.327 
 0.328 
 0.330 
 0.331 
 0.332 
 0.333 
 0.334 
 0.335 
 0.336 
 0.336 
 0.337 
 0.338 
 0.338 
 0.339 
 0.339 
 0.340 
 0.340 
 0.340 
 0.341 
 0.341 
 0.341 
 0.341 
 0.342 
 0.342 
 0.342 
 0.342 
 0.342 
 0.342 
 0.341 
-6.000 
-4.000 
-4.000 
-4.000 
-4.000 
-4.000 
-4.000 
-4.000 
-4.000 
-4.000 
-4.000 
-4.000 
-4.000 
-4.000 
-4.000 
-4.000 
-4.000 
-4.000 
-4.000 
-4.000 
-4.000 
-4.000 
