19.315 19.004 18.693 18.382 18.071 17.760 17.449 17.138 16.827 16.516 16.205 15.894 15.582 15.271 14.960 14.648 14.337 14.025 13.713 13.402 13.090 12.778 12.466 12.153 11.841 11.528 11.216 10.903 10.590 10.277  9.963  9.649  9.335  9.021  8.707  8.392  8.077  7.762  7.446  7.130  6.814  6.498  6.181  5.864  5.546  5.228  4.910  4.591  4.272  3.953  3.633  3.313  2.993  2.672  2.351  2.029  1.707  1.385  1.062  0.740  0.416  0.093 -0.192 -0.504 -0.817 -1.130 -1.443 -1.757 -2.071 -2.386 -2.701 -3.017 -3.333 -3.650 -3.967 -4.286 
19.299 18.988 18.677 18.366 18.055 17.744 17.432 17.121 16.809 16.497 16.185 15.873 15.561 15.248 14.936 14.623 14.311 13.998 13.685 13.371 13.058 12.744 12.431 12.117 11.803 11.489 11.174 10.859 10.544 10.229  9.914  9.598  9.282  8.965  8.649  8.332  8.014  7.696  7.377  7.058  6.738  6.418  6.097  5.775  5.452  5.128  4.803  4.477  4.150  3.822  3.493  3.162  2.831  2.498  2.164  1.828  1.492  1.155  0.817  0.478  0.139 -0.157 -0.470 -0.783 -1.097 -1.411 -1.725 -2.039 -2.354 -2.669 -2.985 -3.301 -3.617 -3.935 -4.253 -4.571 
19.265 18.954 18.642 18.331 18.019 17.707 17.395 17.083 16.771 16.458 16.145 15.832 15.518 15.204 14.890 14.576 14.262 13.947 13.632 13.316 13.001 12.685 12.369 12.052 11.735 11.418 11.100 10.782 10.464 10.145  9.826  9.507  9.187  8.867  8.546  8.225  7.904  7.582  7.260  6.937  6.614  6.291  5.967  5.642  5.318  4.992  4.667  4.341  4.014  3.687  3.360  3.032  2.704  2.376  2.047  1.718  1.388  1.058  0.727  0.396  0.065 -0.231 -0.558 -0.886 -1.214 -1.543 -1.872 -2.202 -2.531 -2.862 -3.193 -3.524 -3.857 -4.189 -4.523 -4.857 
19.207 18.896 18.584 18.273 17.961 17.649 17.336 17.023 16.710 16.397 16.083 15.769 15.454 15.139 14.824 14.509 14.193 13.877 13.560 13.243 12.926 12.608 12.290 11.971 11.652 11.332 11.012 10.691 10.370 10.048  9.726  9.404  9.080  8.756  8.432  8.106  7.781  7.454  7.127  6.799  6.471  6.142  5.812  5.481  5.150  4.818  4.486  4.152  3.818  3.484  3.149  2.813  2.477  2.140  1.803  1.465  1.127  0.788  0.449  0.110 -0.190 -0.517 -0.844 -1.172 -1.501 -1.829 -2.158 -2.488 -2.817 -3.148 -3.479 -3.810 -4.142 -4.475 -4.809 -5.143 
19.127 18.816 18.504 18.192 17.880 17.567 17.254 16.941 16.627 16.312 15.998 15.682 15.367 15.051 14.734 14.417 14.100 13.782 13.464 13.146 12.827 12.507 12.187 11.867 11.546 11.225 10.903 10.581 10.258  9.934  9.611  9.286  8.961  8.636  8.310  7.983  7.656  7.328  6.999  6.670  6.339  6.008  5.675  5.342  5.007  4.671  4.333  3.994  3.654  3.311  2.967  2.621  2.273  1.924  1.572  1.220  0.865  0.510  0.153 -0.164 -0.490 -0.815 -1.141 -1.467 -1.793 -2.120 -2.448 -2.776 -3.104 -3.434 -3.764 -4.095 -4.427 -4.760 -5.094 -5.429 
19.027 18.716 18.405 18.093 17.780 17.467 17.153 16.839 16.524 16.209 15.894 15.577 15.261 14.943 14.626 14.307 13.989 13.669 13.349 13.029 12.708 12.386 12.064 11.741 11.418 11.094 10.769 10.444 10.118  9.792  9.465  9.137  8.809  8.480  8.150  7.820  7.490  7.158  6.826  6.494  6.161  5.827  5.493  5.158  4.822  4.486  4.149  3.812  3.475  3.136  2.798  2.458  2.119  1.778  1.438  1.096  0.755  0.413  0.071 -0.236 -0.575 -0.914 -1.254 -1.594 -1.935 -2.275 -2.617 -2.959 -3.301 -3.644 -3.987 -4.331 -4.676 -5.021 -5.367 -5.714 
18.909 18.597 18.286 17.973 17.661 17.347 17.033 16.719 16.403 16.088 15.771 15.455 15.137 14.819 14.500 14.181 13.861 13.541 13.219 12.897 12.575 12.252 11.928 11.603 11.278 10.952 10.625 10.298  9.970  9.641  9.311  8.981  8.649  8.317  7.984  7.650  7.316  6.980  6.644  6.307  5.969  5.630  5.290  4.950  4.609  4.267  3.924  3.581  3.237  2.892  2.546  2.200  1.853  1.506  1.158  0.810  0.461  0.112 -0.196 -0.534 -0.873 -1.211 -1.550 -1.889 -2.229 -2.569 -2.910 -3.251 -3.592 -3.934 -4.277 -4.620 -4.964 -5.309 -5.654 -6.000 
18.772 18.460 18.149 17.836 17.523 17.209 16.895 16.580 16.264 15.948 15.631 15.313 14.995 14.676 14.356 14.036 13.715 13.393 13.071 12.748 12.425 12.100 11.775 11.450 11.124 10.797 10.469 10.141  9.812  9.482  9.151  8.820  8.488  8.155  7.821  7.486  7.150  6.813  6.475  6.136  5.795  5.454  5.111  4.766  4.420  4.073  3.723  3.373  3.020  2.666  2.311  1.954  1.595  1.236  0.875  0.513  0.151 -0.168 -0.504 -0.840 -1.176 -1.513 -1.850 -2.187 -2.525 -2.863 -3.202 -3.542 -3.882 -4.223 -4.565 -4.907 -5.251 -5.595 -5.940 -6.286 
18.620 18.309 17.997 17.684 17.371 17.057 16.742 16.426 16.110 15.793 15.475 15.157 14.837 14.517 14.197 13.875 13.553 13.230 12.906 12.582 12.256 11.930 11.604 11.276 10.948 10.619 10.289  9.958  9.627  9.295  8.962  8.628  8.294  7.959  7.623  7.286  6.949  6.610  6.272  5.932  5.592  5.251  4.909  4.567  4.224  3.881  3.537  3.192  2.847  2.501  2.155  1.808  1.460  1.112  0.764  0.415  0.066 -0.247 -0.595 -0.943 -1.291 -1.640 -1.989 -2.338 -2.688 -3.038 -3.389 -3.740 -4.092 -4.444 -4.797 -5.150 -5.505 -5.859 -6.215 -6.571 
18.454 18.143 17.831 17.518 17.205 16.890 16.575 16.259 15.943 15.625 15.307 14.988 14.668 14.347 14.026 13.703 13.380 13.056 12.732 12.406 12.079 11.752 11.424 11.095 10.765 10.434 10.102  9.769  9.436  9.101  8.766  8.429  8.092  7.754  7.415  7.075  6.734  6.392  6.049  5.705  5.361  5.015  4.669  4.322  3.974  3.626  3.277  2.927  2.576  2.225  1.873  1.520  1.167  0.814  0.460  0.105 -0.209 -0.555 -0.902 -1.248 -1.595 -1.943 -2.290 -2.639 -2.987 -3.336 -3.685 -4.035 -4.386 -4.737 -5.089 -5.441 -5.794 -6.148 -6.502 -6.857 
18.274 17.963 17.651 17.338 17.024 16.709 16.394 16.078 15.761 15.443 15.124 14.805 14.484 14.163 13.841 13.518 13.195 12.870 12.545 12.219 11.892 11.564 11.235 10.905 10.575 10.243  9.911  9.577  9.243  8.907  8.571  8.233  7.894  7.555  7.214  6.871  6.528  6.183  5.838  5.490  5.142  4.792  4.441  4.089  3.735  3.380  3.024  2.667  2.309  1.949  1.589  1.228  0.867  0.504  0.142 -0.177 -0.521 -0.865 -1.210 -1.555 -1.900 -2.246 -2.592 -2.938 -3.286 -3.633 -3.981 -4.330 -4.679 -5.029 -5.380 -5.731 -6.083 -6.435 -6.789 -7.143 
18.082 17.771 17.459 17.146 16.832 16.517 16.201 15.885 15.567 15.249 14.929 14.609 14.288 13.966 13.643 13.319 12.995 12.669 12.342 12.015 11.687 11.358 11.028 10.697 10.365 10.033  9.699  9.365  9.030  8.694  8.357  8.019  7.680  7.341  7.001  6.660  6.318  5.976  5.633  5.289  4.944  4.598  4.252  3.905  3.557  3.208  2.857  2.505  2.152  1.797  1.439  1.079  0.716  0.350 -0.019 -0.337 -0.677 -1.020 -1.365 -1.712 -2.060 -2.411 -2.762 -3.116 -3.470 -3.826 -4.182 -4.540 -4.898 -5.257 -5.617 -5.978 -6.340 -6.702 -7.065 -7.429 
17.882 17.570 17.258 16.945 16.631 16.315 15.999 15.682 15.365 15.046 14.726 14.405 14.084 13.761 13.437 13.113 12.787 12.461 12.133 11.805 11.475 11.145 10.813 10.481 10.148  9.813  9.478  9.142  8.804  8.466  8.127  7.786  7.445  7.103  6.760  6.416  6.071  5.726  5.379  5.032  4.684  4.335  3.985  3.635  3.284  2.933  2.581  2.228  1.875  1.522  1.168  0.815  0.461  0.107 -0.165 -0.413 -0.661 -0.908 -1.153 -1.396 -1.637 -1.876 -2.113 -2.346 -2.576 -2.803 -3.026 -3.244 -3.459 -3.669 -3.874 -4.074 -4.270 -4.460 -4.644 -4.824 
17.672 17.360 17.048 16.735 16.421 16.106 15.790 15.474 15.156 14.838 14.519 14.199 13.878 13.556 13.234 12.910 12.587 12.262 11.936 11.610 11.283 10.956 10.628 10.300  9.971  9.641  9.311  8.981  8.650  8.319  7.987  7.656  7.324  6.992  6.660  6.328  5.996  5.664  5.332  5.000  4.668  4.337  4.005  3.674  3.343  3.013  2.683  2.353  2.023  1.694  1.366  1.037  0.709  0.382  0.055 -0.168 -0.350 -0.530 -0.710 -0.889 -1.066 -1.243 -1.419 -1.594 -1.767 -1.940 -2.111 -2.280 -2.448 -2.614 -2.779 -2.942 -3.103 -3.262 -3.419 -3.574 
17.505 17.194 16.882 16.569 16.257 15.943 15.629 15.314 14.999 14.683 14.367 14.050 13.732 13.414 13.096 12.777 12.458 12.138 11.818 11.498 11.177 10.856 10.535 10.214  9.892  9.570  9.249  8.927  8.605  8.283  7.961  7.640  7.318  6.997  6.676  6.356  6.035  5.715  5.396  5.077  4.759  4.441  4.124  3.807  3.491  3.175  2.861  2.546  2.233  1.920  1.608  1.296  0.985  0.674  0.365  0.055 -0.147 -0.303 -0.459 -0.613 -0.767 -0.921 -1.073 -1.225 -1.376 -1.526 -1.675 -1.824 -1.971 -2.118 -2.264 -2.408 -2.552 -2.694 -2.835 -2.975 
17.408 17.097 16.786 16.474 16.163 15.851 15.538 15.226 14.913 14.600 14.286 13.973 13.659 13.346 13.032 12.717 12.403 12.089 11.775 11.460 11.146 10.832 10.517 10.203  9.889  9.575  9.261  8.948  8.634  8.321  8.008  7.696  7.384  7.072  6.761  6.451  6.141  5.831  5.522  5.213  4.905  4.598  4.292  3.986  3.680  3.376  3.072  2.768  2.466  2.164  1.863  1.562  1.262  0.963  0.664  0.366  0.069 -0.123 -0.268 -0.409 -0.549 -0.689 -0.828 -0.967 -1.105 -1.243 -1.380 -1.516 -1.652 -1.787 -1.922 -2.055 -2.188 -2.320 -2.451 -2.582 
17.381 17.070 16.759 16.448 16.138 15.827 15.516 15.205 14.895 14.584 14.274 13.963 13.653 13.343 13.032 12.722 12.413 12.103 11.793 11.484 11.175 10.866 10.558 10.249  9.942  9.634  9.327  9.020  8.714  8.408  8.102  7.797  7.493  7.189  6.885  6.583  6.280  5.979  5.678  5.377  5.078  4.778  4.480  4.182  3.885  3.589  3.293  2.998  2.704  2.410  2.117  1.825  1.533  1.242  0.952  0.662  0.373  0.084 -0.102 -0.238 -0.370 -0.502 -0.633 -0.764 -0.894 -1.024 -1.152 -1.281 -1.409 -1.536 -1.663 -1.789 -1.914 -2.039 -2.164 -2.287 
17.412 17.101 16.791 16.481 16.171 15.861 15.551 15.242 14.933 14.625 14.316 14.008 13.701 13.393 13.086 12.779 12.473 12.167 11.861 11.556 11.251 10.947 10.643 10.339 10.036  9.734  9.432  9.130  8.829  8.529  8.229  7.930  7.631  7.333  7.036  6.739  6.443  6.148  5.853  5.559  5.266  4.973  4.682  4.391  4.101  3.812  3.524  3.238  2.953  2.671  2.390  2.112  1.837  1.565  1.296  1.030  0.766  0.505  0.246 -0.011 -0.178 -0.309 -0.439 -0.568 -0.696 -0.823 -0.949 -1.074 -1.199 -1.322 -1.445 -1.567 -1.688 -1.809 -1.929 -2.048 
17.490 17.179 16.869 16.559 16.250 15.941 15.632 15.324 15.017 14.710 14.403 14.097 13.791 13.486 13.181 12.877 12.574 12.270 11.968 11.666 11.364 11.063 10.763 10.463 10.164  9.865  9.567  9.270  8.973  8.677  8.382  8.087  7.794  7.500  7.208  6.916  6.626  6.336  6.047  5.759  5.472  5.186  4.901  4.618  4.335  4.054  3.775  3.496  3.220  2.944  2.670  2.398  2.127  1.858  1.590  1.323  1.057  0.793  0.530  0.267  0.006 -0.160 -0.284 -0.406 -0.529 -0.651 -0.772 -0.893 -1.013 -1.132 -1.251 -1.370 -1.488 -1.605 -1.722 -1.838 
17.604 17.293 16.983 16.674 16.365 16.057 15.749 15.442 15.136 14.830 14.524 14.220 13.916 13.612 13.309 13.007 12.706 12.405 12.104 11.805 11.506 11.208 10.910 10.613 10.317 10.022  9.727  9.433  9.140  8.848  8.556  8.265  7.976  7.687  7.398  7.111  6.825  6.540  6.256  5.972  5.690  5.409  5.129  4.850  4.573  4.296  4.021  3.747  3.474  3.202  2.932  2.662  2.394  2.127  1.861  1.596  1.332  1.069  0.807  0.545  0.285  0.025 -0.139 -0.260 -0.378 -0.496 -0.614 -0.731 -0.848 -0.965 -1.081 -1.196 -1.311 -1.426 -1.540 -1.653 
17.747 17.437 17.127 16.818 16.509 16.201 15.894 15.588 15.282 14.977 14.673 14.370 14.067 13.765 13.463 13.163 12.863 12.564 12.265 11.968 11.671 11.375 11.080 10.785 10.492 10.199  9.907  9.616  9.326  9.036  8.748  8.460  8.174  7.888  7.603  7.319  7.037  6.755  6.474  6.194  5.916  5.638  5.362  5.086  4.812  4.538  4.266  3.995  3.725  3.456  3.188  2.921  2.655  2.390  2.126  1.862  1.600  1.339  1.078  0.818  0.559  0.300  0.042 -0.122 -0.241 -0.357 -0.472 -0.586 -0.701 -0.814 -0.928 -1.040 -1.153 -1.265 -1.376 -1.488 
17.913 17.603 17.293 16.984 16.676 16.368 16.062 15.756 15.451 15.147 14.844 14.541 14.239 13.938 13.638 13.339 13.040 12.743 12.446 12.150 11.855 11.561 11.267 10.975 10.683 10.392 10.102  9.814  9.526  9.239  8.952  8.667  8.383  8.100  7.818  7.536  7.256  6.977  6.698  6.421  6.145  5.870  5.596  5.323  5.050  4.779  4.509  4.240  3.972  3.705  3.439  3.174  2.910  2.646  2.384  2.122  1.861  1.601  1.342  1.084  0.826  0.569  0.312  0.056 -0.106 -0.223 -0.337 -0.450 -0.562 -0.674 -0.785 -0.896 -1.007 -1.117 -1.227 -1.336 
18.097 17.787 17.477 17.168 16.861 16.554 16.247 15.942 15.638 15.334 15.031 14.730 14.429 14.128 13.829 13.531 13.234 12.937 12.641 12.347 12.053 11.760 11.468 11.177 10.887 10.598 10.309 10.022  9.736  9.451  9.166  8.883  8.600  8.319  8.039  7.759  7.481  7.203  6.927  6.652  6.377  6.104  5.832  5.560  5.290  5.021  4.752  4.485  4.218  3.953  3.688  3.425  3.162  2.900  2.639  2.379  2.120  1.861  1.604  1.347  1.090  0.834  0.579  0.325  0.071 -0.089 -0.204 -0.316 -0.427 -0.538 -0.648 -0.758 -0.868 -0.977 -1.085 -1.193 
18.295 17.985 17.676 17.367 17.059 16.752 16.447 16.142 15.838 15.535 15.232 14.931 14.631 14.331 14.033 13.735 13.439 13.143 12.848 12.555 12.262 11.970 11.679 11.389 11.100 10.812 10.525 10.239  9.954  9.670  9.387  9.105  8.824  8.544  8.265  7.987  7.710  7.434  7.159  6.885  6.612  6.340  6.069  5.799  5.530  5.262  4.995  4.729  4.464  4.199  3.936  3.674  3.412  3.151  2.891  2.632  2.374  2.117  1.861  1.606  1.354  1.106  0.862  0.626  0.399  0.182 -0.028 -0.171 -0.289 -0.405 -0.517 -0.627 -0.736 -0.844 -0.952 -1.059 
18.505 18.194 17.885 17.576 17.269 16.962 16.657 16.352 16.048 15.745 15.444 15.143 14.843 14.544 14.246 13.949 13.653 13.358 13.064 12.771 12.479 12.188 11.898 11.609 11.321 11.034 10.748 10.463 10.178  9.895  9.613  9.332  9.052  8.773  8.495  8.218  7.942  7.667  7.393  7.120  6.848  6.577  6.307  6.039  5.771  5.504  5.238  4.973  4.709  4.446  4.185  3.924  3.665  3.407  3.151  2.896  2.643  2.392  2.143  1.896  1.651  1.408  1.167  0.928  0.690  0.454  0.220 -0.014 -0.160 -0.270 -0.380 -0.490 -0.599 -0.707 -0.816 -0.923 
18.722 18.412 18.102 17.794 17.486 17.180 16.874 16.570 16.266 15.964 15.663 15.362 15.063 14.764 14.467 14.170 13.875 13.580 13.287 12.994 12.703 12.412 12.123 11.834 11.547 11.260 10.975 10.691 10.407 10.125  9.844  9.564  9.284  9.006  8.729  8.453  8.178  7.904  7.631  7.359  7.088  6.818  6.549  6.281  6.015  5.749  5.485  5.222  4.960  4.699  4.440  4.182  3.925  3.669  3.415  3.163  2.911  2.662  2.413  2.166  1.921  1.677  1.434  1.192  0.951  0.712  0.473  0.236 -0.001 -0.150 -0.258 -0.366 -0.474 -0.581 -0.688 -0.794 
18.946 18.635 18.326 18.018 17.710 17.404 17.099 16.794 16.491 16.189 15.888 15.587 15.288 14.990 14.693 14.397 14.102 13.808 13.515 13.222 12.931 12.642 12.353 12.065 11.778 11.492 11.207 10.923 10.641 10.359 10.078  9.799  9.520  9.243  8.966  8.691  8.417  8.143  7.871  7.600  7.330  7.061  6.793  6.527  6.261  5.997  5.734  5.471  5.211  4.951  4.693  4.435  4.179  3.925  3.671  3.419  3.168  2.919  2.670  2.423  2.177  1.932  1.689  1.446  1.204  0.964  0.724  0.485  0.246  0.009 -0.141 -0.250 -0.356 -0.462 -0.568 -0.673 
19.175 18.864 18.555 18.247 17.940 17.633 17.328 17.024 16.721 16.419 16.118 15.818 15.519 15.221 14.924 14.628 14.333 14.039 13.747 13.455 13.164 12.875 12.586 12.299 12.012 11.727 11.443 11.159 10.877 10.596 10.316 10.037  9.759  9.482  9.206  8.931  8.657  8.385  8.113  7.843  7.573  7.305  7.038  6.772  6.507  6.243  5.981  5.720  5.459  5.200  4.942  4.686  4.430  4.176  3.923  3.671  3.421  3.171  2.923  2.676  2.430  2.185  1.941  1.698  1.456  1.214  0.974  0.735  0.496  0.258  0.020 -0.130 -0.240 -0.346 -0.451 -0.555 
19.408 19.098 18.788 18.480 18.173 17.867 17.561 17.257 16.954 16.652 16.352 16.052 15.753 15.455 15.158 14.863 14.568 14.275 13.982 13.691 13.400 13.111 12.823 12.536 12.250 11.965 11.681 11.398 11.116 10.835 10.555 10.277  9.999  9.723  9.447  9.173  8.900  8.627  8.356  8.087  7.818  7.550  7.283  7.018  6.754  6.491  6.229  5.968  5.708  5.449  5.192  4.936  4.680  4.427  4.174  3.922  3.671  3.422  3.173  2.926  2.680  2.434  2.190  1.947  1.704  1.463  1.222  0.982  0.743  0.504  0.266  0.028 -0.122 -0.231 -0.336 -0.440 
19.644 19.334 19.024 18.716 18.409 18.103 17.798 17.494 17.191 16.889 16.588 16.289 15.990 15.692 15.396 15.100 14.806 14.513 14.220 13.929 13.639 13.350 13.062 12.775 12.489 12.204 11.920 11.638 11.356 11.076 10.796 10.518 10.241  9.965  9.690  9.416  9.143  8.871  8.600  8.331  8.062  7.795  7.529  7.264  7.000  6.737  6.475  6.214  5.955  5.697  5.439  5.183  4.928  4.674  4.422  4.170  3.920  3.670  3.422  3.174  2.928  2.682  2.438  2.194  1.952  1.710  1.469  1.229  0.989  0.751  0.512  0.275  0.038 -0.112 -0.220 -0.324 
19.883 19.572 19.263 18.955 18.648 18.341 18.037 17.733 17.430 17.128 16.827 16.528 16.229 15.932 15.635 15.340 15.045 14.752 14.460 14.169 13.879 13.590 13.302 13.016 12.730 12.445 12.162 11.879 11.598 11.318 11.039 10.761 10.484 10.208  9.933  9.659  9.386  9.115  8.845  8.575  8.307  8.040  7.774  7.509  7.245  6.983  6.721  6.461  6.202  5.943  5.686  5.430  5.175  4.922  4.669  4.417  4.167  3.917  3.668  3.421  3.174  2.929  2.684  2.440  2.197  1.955  1.714  1.473  1.234  0.995  0.756  0.518  0.281  0.045 -0.105 -0.211 
20.123 19.812 19.503 19.195 18.888 18.582 18.277 17.973 17.670 17.368 17.068 16.768 16.470 16.172 15.876 15.581 15.286 14.993 14.701 14.410 14.121 13.832 13.544 13.257 12.972 12.687 12.404 12.122 11.841 11.560 11.281 11.004 10.727 10.451 10.176  9.903  9.630  9.359  9.089  8.820  8.552  8.285  8.019  7.754  7.490  7.228  6.967  6.706  6.447  6.189  5.932  5.676  5.421  5.167  4.915  4.663  4.413  4.163  3.914  3.667  3.420  3.175  2.930  2.686  2.443  2.201  1.960  1.720  1.480  1.242  1.003  0.766  0.529  0.293  0.057 -0.089 
20.364 20.054 19.745 19.436 19.129 18.823 18.518 18.215 17.912 17.610 17.310 17.010 16.712 16.414 16.118 15.823 15.529 15.236 14.944 14.654 14.364 14.076 13.788 13.502 13.217 12.933 12.650 12.368 12.087 11.808 11.530 11.253 10.977 10.702 10.428 10.156  9.885  9.615  9.346  9.079  8.813  8.548  8.284  8.022  7.761  7.501  7.242  6.985  6.729  6.475  6.221  5.969  5.719  5.469  5.221  4.974  4.729  4.484  4.241  3.999  3.758  3.518  3.280  3.042  2.805  2.569  2.334  2.100  1.867  1.634  1.401  1.170  0.938  0.707  0.477  0.246 
20.611 20.300 19.991 19.683 19.376 19.070 18.765 18.462 18.159 17.858 17.558 17.259 16.961 16.664 16.368 16.073 15.780 15.487 15.196 14.906 14.617 14.329 14.043 13.757 13.473 13.189 12.907 12.626 12.346 12.067 11.790 11.513 11.237 10.963 10.690 10.418 10.147  9.877  9.608  9.340  9.073  8.808  8.543  8.279  8.017  7.755  7.495  7.235  6.976  6.719  6.462  6.206  5.951  5.697  5.444  5.191  4.939  4.688  4.438  4.189  3.940  3.691  3.444  3.197  2.950  2.704  2.458  2.213  1.968  1.724  1.480  1.236  0.992  0.748  0.505  0.262 
20.861 20.551 20.241 19.933 19.626 19.320 19.016 18.712 18.409 18.108 17.807 17.508 17.210 16.913 16.617 16.322 16.028 15.736 15.444 15.153 14.864 14.575 14.288 14.002 13.716 13.432 13.149 12.867 12.586 12.306 12.027 11.749 11.471 11.195 10.920 10.646 10.373 10.101  9.829  9.559  9.289  9.021  8.753  8.486  8.220  7.954  7.690  7.426  7.163  6.901  6.640  6.379  6.119  5.860  5.601  5.343  5.085  4.828  4.572  4.316  4.061  3.806  3.551  3.297  3.044  2.790  2.538  2.285  2.033  1.780  1.529  1.277  1.025  0.774  0.523  0.271 
21.103 20.793 20.484 20.175 19.868 19.562 19.257 18.953 18.650 18.348 18.047 17.747 17.448 17.150 16.853 16.558 16.263 15.969 15.676 15.384 15.094 14.804 14.515 14.227 13.940 13.654 13.370 13.085 12.802 12.520 12.239 11.959 11.679 11.400 11.123 10.846 10.570 10.295 10.020  9.747  9.474  9.202  8.930  8.660  8.390  8.121  7.852  7.585  7.318  7.051  6.785  6.520  6.255  5.991  5.728  5.465  5.202  4.940  4.678  4.417  4.156  3.896  3.636  3.376  3.117  2.858  2.599  2.341  2.082  1.824  1.566  1.309  1.051  0.794  0.536  0.279 
21.330 21.020 20.710 20.402 20.094 19.788 19.482 19.178 18.874 18.572 18.270 17.969 17.669 17.371 17.073 16.776 16.480 16.185 15.891 15.597 15.305 15.014 14.723 14.433 14.145 13.857 13.570 13.284 12.998 12.714 12.430 12.147 11.865 11.584 11.304 11.024 10.745 10.467 10.189  9.912  9.636  9.361  9.086  8.812  8.539  8.266  7.994  7.722  7.451  7.181  6.911  6.641  6.373  6.104  5.836  5.569  5.302  5.035  4.769  4.503  4.238  3.973  3.708  3.443  3.179  2.915  2.651  2.388  2.125  1.861  1.598  1.336  1.073  0.810  0.548  0.285 
21.539 21.229 20.919 20.611 20.303 19.996 19.690 19.385 19.081 18.777 18.475 18.173 17.873 17.573 17.274 16.976 16.679 16.382 16.087 15.792 15.498 15.205 14.913 14.621 14.331 14.041 13.752 13.464 13.176 12.889 12.603 12.318 12.034 11.750 11.467 11.184 10.902 10.621 10.341 10.061  9.782  9.503  9.226  8.948  8.671  8.395  8.120  7.845  7.570  7.296  7.022  6.749  6.476  6.204  5.932  5.661  5.390  5.119  4.849  4.579  4.309  4.040  3.771  3.502  3.234  2.965  2.697  2.429  2.161  1.894  1.626  1.359  1.092  0.825  0.558  0.291 
21.731 21.420 21.110 20.802 20.494 20.186 19.880 19.574 19.270 18.966 18.662 18.360 18.059 17.758 17.458 17.159 16.860 16.562 16.266 15.969 15.674 15.380 15.086 14.792 14.500 14.208 13.917 13.627 13.338 13.049 12.760 12.473 12.186 11.900 11.614 11.329 11.045 10.761 10.478 10.196  9.914  9.632  9.351  9.071  8.791  8.512  8.233  7.955  7.677  7.399  7.122  6.846  6.570  6.294  6.018  5.743  5.469  5.194  4.920  4.647  4.373  4.100  3.827  3.555  3.282  3.010  2.738  2.466  2.194  1.923  1.651  1.380  1.109  0.838  0.566  0.295 
21.905 21.595 21.285 20.976 20.668 20.360 20.053 19.747 19.442 19.137 18.833 18.530 18.228 17.926 17.625 17.325 17.025 16.727 16.429 16.131 15.834 15.538 15.243 14.948 14.654 14.361 14.068 13.776 13.484 13.193 12.903 12.614 12.325 12.036 11.748 11.461 11.174 10.888 10.602 10.317 10.033  9.749  9.465  9.182  8.899  8.617  8.335  8.054  7.773  7.493  7.213  6.933  6.654  6.375  6.096  5.818  5.540  5.262  4.985  4.708  4.431  4.154  3.878  3.602  3.326  3.050  2.775  2.499  2.224  1.949  1.674  1.399  1.124  0.849  0.574  0.300 
22.064 21.754 21.444 21.134 20.826 20.518 20.211 19.904 19.599 19.294 18.989 18.685 18.382 18.080 17.778 17.476 17.176 16.876 16.577 16.278 15.980 15.683 15.386 15.090 14.794 14.499 14.205 13.911 13.618 13.325 13.033 12.741 12.450 12.160 11.870 11.581 11.292 11.003 10.715 10.428 10.141  9.854  9.568  9.283  8.998  8.713  8.428  8.144  7.861  7.578  7.295  7.012  6.730  6.448  6.167  5.885  5.605  5.324  5.043  4.763  4.483  4.204  3.924  3.645  3.366  3.087  2.808  2.529  2.251  1.973  1.694  1.416  1.138  0.860  0.582  0.304 
22.209 21.898 21.588 21.279 20.970 20.662 20.355 20.048 19.741 19.436 19.131 18.826 18.522 18.219 17.916 17.614 17.313 17.012 16.712 16.412 16.113 15.814 15.516 15.218 14.921 14.625 14.329 14.034 13.739 13.445 13.151 12.858 12.565 12.272 11.981 11.689 11.398 11.108 10.818 10.528 10.239  9.950  9.662  9.374  9.087  8.800  8.513  8.226  7.940  7.655  7.369  7.084  6.799  6.515  6.231  5.947  5.663  5.380  5.097  4.814  4.531  4.248  3.966  3.684  3.402  3.120  2.838  2.557  2.275  1.994  1.713  1.432  1.150  0.869  0.588  0.307 
22.340 22.030 21.720 21.410 21.101 20.793 20.485 20.178 19.871 19.565 19.259 18.954 18.650 18.346 18.042 17.740 17.437 17.135 16.834 16.533 16.233 15.933 15.634 15.335 15.037 14.740 14.442 14.146 13.849 13.553 13.258 12.963 12.669 12.375 12.081 11.788 11.495 11.203 10.911 10.620 10.329 10.038  9.747  9.457  9.168  8.879  8.590  8.301  8.013  7.725  7.437  7.150  6.862  6.576  6.289  6.003  5.716  5.431  5.145  4.859  4.574  4.289  4.004  3.719  3.435  3.150  2.866  2.582  2.297  2.013  1.730  1.446  1.162  0.878  0.594  0.311 
22.460 22.149 21.839 21.530 21.220 20.912 20.604 20.296 19.989 19.683 19.376 19.071 18.766 18.461 18.157 17.854 17.550 17.248 16.946 16.644 16.343 16.042 15.742 15.442 15.143 14.844 14.545 14.247 13.950 13.652 13.356 13.059 12.763 12.468 12.173 11.878 11.584 11.290 10.996 10.703 10.410 10.117  9.825  9.533  9.242  8.950  8.659  8.369  8.078  7.788  7.498  7.209  6.920  6.631  6.342  6.053  5.765  5.477  5.189  4.901  4.613  4.326  4.039  3.751  3.464  3.178  2.891  2.604  2.318  2.031  1.745  1.458  1.172  0.886  0.600  0.314 
22.569 22.258 21.948 21.638 21.329 21.020 20.712 20.404 20.096 19.789 19.483 19.177 18.871 18.566 18.261 17.957 17.653 17.350 17.047 16.745 16.442 16.141 15.840 15.539 15.238 14.938 14.639 14.339 14.041 13.742 13.444 13.147 12.849 12.552 12.256 11.960 11.664 11.368 11.073 10.778 10.484 10.189  9.896  9.602  9.309  9.016  8.723  8.430  8.138  7.846  7.554  7.263  6.972  6.681  6.390  6.099  5.809  5.519  5.229  4.939  4.649  4.359  4.070  3.781  3.492  3.202  2.914  2.625  2.336  2.047  1.759  1.470  1.182  0.893  0.605  0.316 
22.668 22.357 22.047 21.737 21.427 21.118 20.810 20.502 20.194 19.887 19.580 19.273 18.967 18.662 18.356 18.051 17.747 17.443 17.139 16.836 16.533 16.231 15.928 15.627 15.325 15.024 14.724 14.423 14.124 13.824 13.525 13.226 12.927 12.629 12.331 12.034 11.737 11.440 11.143 10.847 10.551 10.255  9.960  9.664  9.370  9.075  8.781  8.486  8.192  7.899  7.605  7.312  7.019  6.726  6.434  6.141  5.849  5.557  5.265  4.973  4.681  4.390  4.099  3.807  3.516  3.225  2.934  2.643  2.353  2.062  1.771  1.481  1.190  0.900  0.609  0.319 
22.758 22.447 22.137 21.827 21.517 21.208 20.899 20.591 20.283 19.975 19.668 19.361 19.054 18.748 18.443 18.137 17.832 17.527 17.223 16.919 16.615 16.312 16.009 15.707 15.405 15.103 14.801 14.500 14.199 13.898 13.598 13.298 12.999 12.699 12.400 12.101 11.803 11.505 11.207 10.909 10.612 10.315 10.018  9.721  9.425  9.129  8.833  8.537  8.242  7.947  7.652  7.357  7.062  6.768  6.473  6.179  5.885  5.591  5.298  5.004  4.711  4.418  4.125  3.831  3.539  3.246  2.953  2.660  2.368  2.075  1.783  1.490  1.198  0.906  0.613  0.321 
22.839 22.529 22.218 21.908 21.599 21.289 20.980 20.672 20.363 20.055 19.748 19.441 19.134 18.827 18.521 18.215 17.909 17.604 17.299 16.995 16.690 16.386 16.083 15.780 15.477 15.174 14.871 14.569 14.268 13.966 13.665 13.364 13.063 12.763 12.463 12.163 11.863 11.564 11.265 10.966 10.667 10.369 10.071  9.773  9.475  9.178  8.881  8.584  8.287  7.990  7.694  7.397  7.101  6.805  6.509  6.214  5.918  5.623  5.328  5.033  4.738  4.443  4.148  3.853  3.559  3.264  2.970  2.676  2.382  2.087  1.793  1.499  1.205  0.911  0.617  0.323 
22.914 22.603 22.293 21.983 21.673 21.363 21.054 20.745 20.437 20.129 19.821 19.513 19.206 18.899 18.592 18.286 17.980 17.674 17.369 17.063 16.759 16.454 16.150 15.846 15.542 15.239 14.935 14.632 14.330 14.027 13.725 13.424 13.122 12.821 12.520 12.219 11.918 11.618 11.318 11.018 10.718 10.418 10.119  9.820  9.521  9.223  8.924  8.626  8.328  8.030  7.732  7.434  7.137  6.840  6.542  6.245  5.948  5.652  5.355  5.059  4.762  4.466  4.170  3.873  3.577  3.281  2.986  2.690  2.394  2.098  1.803  1.507  1.211  0.916  0.620  0.325 
22.981 22.671 22.360 22.050 21.740 21.431 21.121 20.812 20.504 20.195 19.887 19.579 19.271 18.964 18.657 18.350 18.044 17.738 17.432 17.126 16.821 16.515 16.211 15.906 15.602 15.297 14.994 14.690 14.387 14.083 13.781 13.478 13.175 12.873 12.571 12.269 11.968 11.667 11.365 11.065 10.764 10.463 10.163  9.863  9.563  9.263  8.964  8.664  8.365  8.066  7.767  7.468  7.169  6.871  6.572  6.274  5.976  5.678  5.380  5.082  4.784  4.487  4.189  3.892  3.594  3.297  3.000  2.703  2.405  2.108  1.811  1.514  1.217  0.920  0.623  0.327 
23.043 22.732 22.422 22.111 21.801 21.492 21.182 20.873 20.564 20.256 19.947 19.639 19.331 19.023 18.716 18.409 18.102 17.795 17.489 17.183 16.877 16.571 16.266 15.961 15.656 15.351 15.046 14.742 14.438 14.134 13.831 13.527 13.224 12.921 12.618 12.316 12.013 11.711 11.409 11.107 10.806 10.504 10.203  9.902  9.601  9.300  8.999  8.699  8.399  8.098  7.798  7.498  7.199  6.899  6.599  6.300  6.001  5.701  5.402  5.103  4.804  4.506  4.207  3.908  3.610  3.311  3.013  2.714  2.416  2.117  1.819  1.521  1.223  0.924  0.626  0.328 
23.099 22.788 22.477 22.167 21.857 21.547 21.238 20.928 20.619 20.310 20.002 19.693 19.385 19.077 18.770 18.462 18.155 17.848 17.541 17.235 16.928 16.622 16.316 16.010 15.705 15.400 15.094 14.790 14.485 14.180 13.876 13.572 13.268 12.965 12.661 12.358 12.054 11.752 11.449 11.146 10.844 10.541 10.239  9.937  9.635  9.334  9.032  8.731  8.429  8.128  7.827  7.526  7.225  6.925  6.624  6.324  6.023  5.723  5.423  5.123  4.823  4.523  4.223  3.923  3.624  3.324  3.024  2.725  2.425  2.126  1.826  1.527  1.228  0.928  0.629  0.330 
23.150 22.839 22.528 22.218 21.908 21.598 21.288 20.979 20.670 20.360 20.052 19.743 19.435 19.126 18.818 18.511 18.203 17.896 17.588 17.282 16.975 16.668 16.362 16.056 15.750 15.444 15.138 14.833 14.528 14.223 13.918 13.613 13.308 13.004 12.700 12.396 12.092 11.788 11.485 11.181 10.878 10.575 10.272  9.969  9.667  9.364  9.062  8.759  8.457  8.155  7.853  7.551  7.250  6.948  6.647  6.345  6.044  5.743  5.442  5.140  4.839  4.539  4.238  3.937  3.636  3.336  3.035  2.734  2.434  2.133  1.833  1.532  1.232  0.932  0.631  0.331 
23.196 22.885 22.575 22.264 21.954 21.644 21.334 21.025 20.715 20.406 20.097 19.788 19.479 19.171 18.863 18.555 18.247 17.939 17.632 17.324 17.017 16.710 16.403 16.097 15.790 15.484 15.178 14.872 14.566 14.261 13.955 13.650 13.345 13.040 12.735 12.431 12.126 11.822 11.518 11.213 10.910 10.606 10.302  9.998  9.695  9.392  9.089  8.786  8.483  8.180  7.877  7.574  7.272  6.969  6.667  6.365  6.063  5.761  5.458  5.157  4.855  4.553  4.251  3.949  3.648  3.346  3.045  2.743  2.442  2.140  1.839  1.537  1.236  0.935  0.633  0.332 
23.238 22.927 22.617 22.306 21.996 21.686 21.376 21.066 20.757 20.447 20.138 19.829 19.520 19.212 18.903 18.595 18.287 17.979 17.671 17.363 17.056 16.748 16.441 16.134 15.827 15.521 15.214 14.908 14.602 14.295 13.990 13.684 13.378 13.073 12.767 12.462 12.157 11.852 11.547 11.243 10.938 10.634 10.329 10.025  9.721  9.417  9.113  8.809  8.506  8.202  7.899  7.595  7.292  6.989  6.686  6.383  6.080  5.777  5.474  5.171  4.868  4.566  4.263  3.961  3.658  3.356  3.053  2.751  2.449  2.146  1.844  1.542  1.240  0.937  0.635  0.333 
23.276 22.965 22.655 22.344 22.034 21.724 21.414 21.104 20.794 20.485 20.175 19.866 19.557 19.248 18.940 18.631 18.323 18.014 17.706 17.398 17.091 16.783 16.476 16.168 15.861 15.554 15.247 14.940 14.634 14.327 14.021 13.714 13.408 13.102 12.797 12.491 12.185 11.880 11.574 11.269 10.964 10.659 10.354 10.049  9.745  9.440  9.135  8.831  8.527  8.222  7.918  7.614  7.310  7.006  6.703  6.399  6.095  5.791  5.488  5.184  4.881  4.578  4.274  3.971  3.668  3.365  3.061  2.758  2.455  2.152  1.849  1.546  1.243  0.940  0.637  0.334 
23.311 23.000 22.689 22.379 22.069 21.758 21.448 21.138 20.829 20.519 20.209 19.900 19.591 19.282 18.973 18.664 18.356 18.047 17.739 17.431 17.123 16.815 16.507 16.199 15.892 15.584 15.277 14.970 14.663 14.356 14.049 13.742 13.436 13.129 12.823 12.517 12.211 11.905 11.599 11.293 10.988 10.682 10.377 10.071  9.766  9.461  9.156  8.851  8.546  8.241  7.936  7.632  7.327  7.022  6.718  6.414  6.109  5.805  5.501  5.197  4.892  4.588  4.284  3.980  3.676  3.372  3.069  2.765  2.461  2.157  1.853  1.550  1.246  0.942  0.639  0.335 
23.343 23.032 22.721 22.411 22.100 21.790 21.480 21.170 20.860 20.550 20.240 19.931 19.622 19.312 19.003 18.694 18.386 18.077 17.768 17.460 17.151 16.843 16.535 16.227 15.919 15.612 15.304 14.997 14.689 14.382 14.075 13.768 13.461 13.154 12.847 12.541 12.234 11.928 11.621 11.315 11.009 10.703 10.397 10.091  9.785  9.480  9.174  8.869  8.563  8.258  7.952  7.647  7.342  7.037  6.732  6.427  6.122  5.817  5.512  5.208  4.903  4.598  4.293  3.989  3.684  3.380  3.075  2.771  2.466  2.162  1.857  1.553  1.249  0.944  0.640  0.336 
23.371 23.060 22.750 22.439 22.129 21.818 21.508 21.198 20.888 20.578 20.269 19.959 19.649 19.340 19.031 18.722 18.413 18.104 17.795 17.486 17.178 16.869 16.561 16.253 15.945 15.637 15.329 15.021 14.713 14.406 14.098 13.791 13.484 13.176 12.869 12.562 12.255 11.949 11.642 11.335 11.029 10.722 10.416 10.109  9.803  9.497  9.191  8.885  8.579  8.273  7.967  7.662  7.356  7.050  6.745  6.439  6.134  5.828  5.523  5.217  4.912  4.607  4.302  3.997  3.691  3.386  3.081  2.776  2.471  2.166  1.861  1.556  1.251  0.946  0.641  0.336 
23.397 23.087 22.776 22.465 22.155 21.844 21.534 21.224 20.914 20.604 20.294 19.984 19.675 19.365 19.056 18.747 18.437 18.128 17.819 17.511 17.202 16.893 16.585 16.276 15.968 15.659 15.351 15.043 14.735 14.427 14.120 13.812 13.504 13.197 12.889 12.582 12.275 11.967 11.660 11.353 11.046 10.739 10.433 10.126  9.819  9.513  9.206  8.900  8.593  8.287  7.981  7.675  7.368  7.062  6.756  6.450  6.144  5.838  5.532  5.227  4.921  4.615  4.309  4.004  3.698  3.392  3.087  2.781  2.476  2.170  1.865  1.559  1.253  0.948  0.643  0.337 
23.421 23.110 22.800 22.489 22.178 21.868 21.558 21.248 20.937 20.627 20.317 20.008 19.698 19.388 19.079 18.769 18.460 18.151 17.842 17.533 17.224 16.915 16.606 16.297 15.989 15.680 15.372 15.063 14.755 14.447 14.139 13.831 13.523 13.215 12.907 12.600 12.292 11.985 11.677 11.370 11.063 10.755 10.448 10.141  9.834  9.527  9.220  8.913  8.606  8.300  7.993  7.686  7.380  7.073  6.767  6.460  6.154  5.847  5.541  5.235  4.929  4.622  4.316  4.010  3.704  3.398  3.092  2.786  2.480  2.174  1.868  1.562  1.256  0.950  0.644  0.338 
23.443 23.132 22.821 22.511 22.200 21.890 21.579 21.269 20.959 20.649 20.339 20.029 19.719 19.409 19.099 18.790 18.480 18.171 17.862 17.553 17.243 16.934 16.625 16.316 16.008 15.699 15.390 15.082 14.773 14.465 14.157 13.848 13.540 13.232 12.924 12.616 12.308 12.000 11.693 11.385 11.077 10.770 10.462 10.155  9.847  9.540  9.233  8.925  8.618  8.311  8.004  7.697  7.390  7.083  6.776  6.469  6.163  5.856  5.549  5.242  4.936  4.629  4.322  4.016  3.709  3.403  3.096  2.790  2.483  2.177  1.870  1.564  1.257  0.951  0.645  0.338 
23.462 23.152 22.841 22.530 22.220 21.909 21.599 21.288 20.978 20.668 20.358 20.048 19.738 19.428 19.118 18.809 18.499 18.189 17.880 17.571 17.261 16.952 16.643 16.334 16.025 15.716 15.407 15.098 14.790 14.481 14.173 13.864 13.556 13.247 12.939 12.631 12.323 12.015 11.706 11.398 11.091 10.783 10.475 10.167  9.859  9.552  9.244  8.937  8.629  8.322  8.014  7.707  7.399  7.092  6.785  6.478  6.171  5.863  5.556  5.249  4.942  4.635  4.328  4.021  3.714  3.407  3.100  2.793  2.487  2.180  1.873  1.566  1.259  0.952  0.646  0.339 
23.480 23.170 22.859 22.548 22.237 21.927 21.616 21.306 20.996 20.686 20.375 20.065 19.755 19.445 19.135 18.826 18.516 18.206 17.897 17.587 17.278 16.968 16.659 16.350 16.041 15.732 15.423 15.114 14.805 14.496 14.187 13.878 13.570 13.261 12.953 12.644 12.336 12.027 11.719 11.411 11.103 10.795 10.486 10.178  9.870  9.562  9.255  8.947  8.639  8.331  8.023  7.716  7.408  7.100  6.793  6.485  6.178  5.870  5.563  5.255  4.948  4.641  4.333  4.026  3.719  3.411  3.104  2.797  2.490  2.182  1.875  1.568  1.261  0.954  0.646  0.339 
23.497 23.186 22.875 22.564 22.254 21.943 21.633 21.322 21.012 20.701 20.391 20.081 19.771 19.461 19.151 18.841 18.531 18.222 17.912 17.602 17.293 16.983 16.674 16.364 16.055 15.746 15.437 15.127 14.818 14.509 14.200 13.891 13.583 13.274 12.965 12.656 12.348 12.039 11.731 11.422 11.114 10.805 10.497 10.189  9.880  9.572  9.264  8.956  8.648  8.340  8.032  7.724  7.416  7.108  6.800  6.492  6.184  5.877  5.569  5.261  4.953  4.646  4.338  4.030  3.723  3.415  3.107  2.800  2.492  2.185  1.877  1.570  1.262  0.955  0.647  0.340 
23.511 23.201 22.890 22.579 22.268 21.958 21.647 21.337 21.026 20.716 20.406 20.096 19.785 19.475 19.165 18.855 18.545 18.235 17.926 17.616 17.306 16.997 16.687 16.378 16.068 15.759 15.449 15.140 14.831 14.522 14.212 13.903 13.594 13.285 12.976 12.668 12.359 12.050 11.741 11.432 11.124 10.815 10.507 10.198  9.890  9.581  9.273  8.964  8.656  8.348  8.039  7.731  7.423  7.115  6.807  6.498  6.190  5.882  5.574  5.266  4.958  4.650  4.342  4.034  3.726  3.418  3.111  2.803  2.495  2.187  1.879  1.571  1.263  0.956  0.648  0.340 
23.525 23.214 22.903 22.592 22.282 21.971 21.661 21.350 21.040 20.729 20.419 20.109 19.798 19.488 19.178 18.868 18.558 18.248 17.938 17.628 17.319 17.009 16.699 16.389 16.080 15.770 15.461 15.151 14.842 14.533 14.223 13.914 13.605 13.296 12.987 12.678 12.369 12.060 11.751 11.442 11.133 10.824 10.515 10.207  9.898  9.589  9.281  8.972  8.663  8.355  8.046  7.738  7.429  7.121  6.813  6.504  6.196  5.887  5.579  5.271  4.963  4.654  4.346  4.038  3.730  3.422  3.113  2.805  2.497  2.189  1.881  1.573  1.265  0.957  0.648  0.340 
23.537 23.226 22.915 22.605 22.294 21.983 21.673 21.362 21.052 20.741 20.431 20.121 19.810 19.500 19.190 18.880 18.570 18.260 17.950 17.640 17.330 17.020 16.710 16.400 16.091 15.781 15.471 15.162 14.852 14.543 14.233 13.924 13.615 13.305 12.996 12.687 12.378 12.068 11.759 11.450 11.141 10.832 10.523 10.214  9.905  9.597  9.288  8.979  8.670  8.361  8.053  7.744  7.435  7.127  6.818  6.509  6.201  5.892  5.584  5.275  4.967  4.658  4.350  4.041  3.733  3.424  3.116  2.808  2.499  2.191  1.882  1.574  1.266  0.957  0.649  0.341 
23.548 23.237 22.927 22.616 22.305 21.994 21.684 21.373 21.063 20.752 20.442 20.131 19.821 19.511 19.200 18.890 18.580 18.270 17.960 17.650 17.340 17.030 16.720 16.410 16.100 15.791 15.481 15.171 14.862 14.552 14.242 13.933 13.623 13.314 13.005 12.695 12.386 12.077 11.767 11.458 11.149 10.840 10.530 10.221  9.912  9.603  9.294  8.985  8.676  8.367  8.058  7.749  7.441  7.132  6.823  6.514  6.205  5.897  5.588  5.279  4.970  4.662  4.353  4.044  3.736  3.427  3.118  2.810  2.501  2.192  1.884  1.575  1.267  0.958  0.649  0.341 
23.558 23.247 22.937 22.626 22.315 22.004 21.694 21.383 21.073 20.762 20.452 20.141 19.831 19.520 19.210 18.900 18.590 18.280 17.969 17.659 17.349 17.039 16.729 16.419 16.109 15.799 15.490 15.180 14.870 14.560 14.251 13.941 13.631 13.322 13.012 12.703 12.393 12.084 11.774 11.465 11.156 10.846 10.537 10.228  9.918  9.609  9.300  8.991  8.682  8.373  8.064  7.754  7.445  7.136  6.827  6.518  6.209  5.900  5.591  5.283  4.974  4.665  4.356  4.047  3.738  3.429  3.120  2.812  2.503  2.194  1.885  1.576  1.268  0.959  0.650  0.341 
23.568 23.257 22.946 22.635 22.324 22.014 21.703 21.392 21.082 20.771 20.461 20.150 19.840 19.529 19.219 18.909 18.598 18.288 17.978 17.668 17.358 17.048 16.737 16.427 16.117 15.807 15.498 15.188 14.878 14.568 14.258 13.948 13.639 13.329 13.019 12.710 12.400 12.090 11.781 11.471 11.162 10.852 10.543 10.234  9.924  9.615  9.305  8.996  8.687  8.378  8.068  7.759  7.450  7.141  6.831  6.522  6.213  5.904  5.595  5.286  4.977  4.668  4.359  4.049  3.740  3.431  3.122  2.813  2.504  2.195  1.886  1.577  1.268  0.959  0.650  0.341 
23.576 23.265 22.954 22.643 22.333 22.022 21.711 21.401 21.090 20.779 20.469 20.158 19.848 19.537 19.227 18.917 18.606 18.296 17.986 17.675 17.365 17.055 16.745 16.435 16.125 15.815 15.505 15.195 14.885 14.575 14.265 13.955 13.645 13.335 13.026 12.716 12.406 12.097 11.787 11.477 11.168 10.858 10.548 10.239  9.929  9.620  9.310  9.001  8.691  8.382  8.073  7.763  7.454  7.144  6.835  6.526  6.216  5.907  5.598  5.289  4.979  4.670  4.361  4.052  3.743  3.433  3.124  2.815  2.506  2.197  1.887  1.578  1.269  0.960  0.651  0.342 
23.583 23.273 22.962 22.651 22.340 22.029 21.719 21.408 21.097 20.787 20.476 20.166 19.855 19.545 19.234 18.924 18.614 18.303 17.993 17.683 17.372 17.062 16.752 16.442 16.131 15.821 15.511 15.201 14.891 14.581 14.271 13.961 13.651 13.341 13.032 12.722 12.412 12.102 11.792 11.482 11.173 10.863 10.553 10.244  9.934  9.624  9.315  9.005  8.696  8.386  8.076  7.767  7.457  7.148  6.838  6.529  6.220  5.910  5.601  5.291  4.982  4.673  4.363  4.054  3.744  3.435  3.126  2.816  2.507  2.198  1.888  1.579  1.270  0.960  0.651  0.342 
23.590 23.280 22.969 22.658 22.347 22.036 21.726 21.415 21.104 20.794 20.483 20.172 19.862 19.551 19.241 18.930 18.620 18.310 17.999 17.689 17.379 17.068 16.758 16.448 16.138 15.827 15.517 15.207 14.897 14.587 14.277 13.967 13.657 13.347 13.037 12.727 12.417 12.107 11.797 11.487 11.177 10.868 10.558 10.248  9.938  9.629  9.319  9.009  8.699  8.390  8.080  7.770  7.461  7.151  6.842  6.532  6.222  5.913  5.603  5.294  4.984  4.675  4.365  4.056  3.746  3.437  3.127  2.818  2.508  2.199  1.889  1.580  1.270  0.961  0.651  0.342 
23.597 23.286 22.975 22.664 22.353 22.043 21.732 21.421 21.111 20.800 20.489 20.179 19.868 19.557 19.247 18.936 18.626 18.316 18.005 17.695 17.384 17.074 16.764 16.453 16.143 15.833 15.523 15.212 14.902 14.592 14.282 13.972 13.662 13.352 13.042 12.732 12.422 12.112 11.802 11.492 11.182 10.872 10.562 10.252  9.942  9.632  9.322  9.013  8.703  8.393  8.083  7.773  7.464  7.154  6.844  6.535  6.225  5.915  5.605  5.296  4.986  4.677  4.367  4.057  3.748  3.438  3.128  2.819  2.509  2.200  1.890  1.580  1.271  0.961  0.652  0.342 
23.602 23.292 22.981 22.670 22.359 22.048 21.738 21.427 21.116 20.805 20.495 20.184 19.874 19.563 19.252 18.942 18.631 18.321 18.010 17.700 17.390 17.079 16.769 16.458 16.148 15.838 15.528 15.217 14.907 14.597 14.287 13.976 13.666 13.356 13.046 12.736 12.426 12.116 11.806 11.496 11.186 10.876 10.566 10.256  9.946  9.636  9.326  9.016  8.706  8.396  8.086  7.776  7.466  7.157  6.847  6.537  6.227  5.917  5.608  5.298  4.988  4.678  4.368  4.059  3.749  3.439  3.129  2.820  2.510  2.200  1.891  1.581  1.271  0.961  0.652  0.342 
23.608 23.297 22.986 22.675 22.364 22.053 21.743 21.432 21.121 20.811 20.500 20.189 19.879 19.568 19.257 18.947 18.636 18.326 18.015 17.705 17.394 17.084 16.773 16.463 16.153 15.842 15.532 15.222 14.911 14.601 14.291 13.981 13.670 13.360 13.050 12.740 12.430 12.119 11.809 11.499 11.189 10.879 10.569 10.259  9.949  9.639  9.329  9.019  8.709  8.399  8.089  7.779  7.469  7.159  6.849  6.539  6.229  5.919  5.609  5.299  4.990  4.680  4.370  4.060  3.750  3.440  3.130  2.821  2.511  2.201  1.891  1.581  1.271  0.961  0.652  0.342 
23.612 23.301 22.991 22.680 22.369 22.058 21.747 21.437 21.126 20.815 20.504 20.194 19.883 19.573 19.262 18.951 18.641 18.330 18.020 17.709 17.399 17.088 16.778 16.467 16.157 15.846 15.536 15.226 14.915 14.605 14.295 13.984 13.674 13.364 13.053 12.743 12.433 12.123 11.813 11.502 11.192 10.882 10.572 10.262  9.952  9.641  9.331  9.021  8.711  8.401  8.091  7.781  7.471  7.161  6.851  6.541  6.231  5.921  5.611  5.301  4.991  4.681  4.371  4.061  3.751  3.441  3.131  2.821  2.511  2.201  1.891  1.581  1.271  0.961  0.651  0.341 
23.616 23.305 22.994 22.683 22.372 22.061 21.750 21.439 21.128 20.817 20.506 20.195 19.883 19.572 19.260 18.948 18.636 18.324 18.012 17.699 17.386 17.072 16.758 16.443 16.128 15.812 15.495 15.177 14.857 14.537 14.215 13.892 13.567 13.240 12.911 12.580 12.246 11.909 11.570 11.226 10.880 10.529 10.174  9.815  9.450  9.081  8.705  8.324  7.937  7.543  7.142  6.733  6.317  5.893  5.461  5.021  4.573  4.117  3.653  3.181  2.703  2.218  1.726  1.230  0.730  0.226 -0.316 -0.955 -1.593 -2.231 -2.867 -3.500 -4.131 -4.758 -5.382 -6.000 
23.537 23.226 22.914 22.601 22.287 21.973 21.657 21.341 21.023 20.705 20.386 20.065 19.744 19.421 19.098 18.773 18.446 18.119 17.790 17.459 17.127 16.793 16.458 16.120 15.781 15.440 15.096 14.751 14.403 14.053 13.701 13.346 12.989 12.629 12.266 11.900 11.532 11.161 10.787 10.410 10.030  9.647  9.261  8.871  8.479  8.084  7.686  7.284  6.880  6.473  6.063  5.650  5.235  4.817  4.397  3.975  3.550  3.123  2.695  2.265  1.833  1.400  0.966  0.531  0.095 -0.277 -0.659 -1.040 -1.419 -1.797 -2.173 -2.546 -2.916 -3.282 -3.643 -4.000 
23.264 22.953 22.640 22.325 22.009 21.691 21.372 21.051 20.729 20.405 20.079 19.752 19.424 19.094 18.762 18.428 18.093 17.756 17.418 17.077 16.735 16.391 16.046 15.698 15.349 14.998 14.645 14.290 13.933 13.574 13.213 12.851 12.486 12.119 11.751 11.380 11.007 10.632 10.255  9.876  9.495  9.112  8.727  8.340  7.951  7.559  7.166  6.771  6.373  5.974  5.572  5.169  4.764  4.356  3.947  3.536  3.123  2.709  2.292  1.874  1.454  1.032  0.609  0.185 -0.187 -0.536 -0.884 -1.231 -1.579 -1.925 -2.272 -2.618 -2.963 -3.309 -3.655 -4.000 
22.900 22.588 22.275 21.959 21.643 21.324 21.004 20.682 20.358 20.033 19.706 19.377 19.046 18.714 18.380 18.045 17.707 17.368 17.027 16.685 16.341 15.995 15.647 15.298 14.947 14.594 14.239 13.883 13.525 13.166 12.805 12.442 12.077 11.711 11.343 10.974 10.603 10.231  9.857  9.482  9.105  8.727  8.347  7.966  7.584  7.200  6.815  6.430  6.042  5.654  5.265  4.875  4.484  4.092  3.699  3.305  2.911  2.516  2.121  1.725  1.328  0.931  0.534  0.137 -0.196 -0.541 -0.887 -1.232 -1.578 -1.924 -2.270 -2.616 -2.962 -3.308 -3.654 -4.000 
22.521 22.209 21.896 21.581 21.264 20.946 20.626 20.304 19.981 19.656 19.330 19.002 18.672 18.341 18.008 17.673 17.337 16.999 16.660 16.319 15.976 15.632 15.287 14.940 14.591 14.241 13.890 13.537 13.183 12.827 12.470 12.111 11.752 11.390 11.028 10.664 10.299  9.933  9.566  9.197  8.827  8.457  8.085  7.712  7.338  6.963  6.587  6.210  5.833  5.454  5.075  4.695  4.314  3.933  3.551  3.168  2.785  2.402  2.018  1.633  1.248  0.863  0.477  0.091 -0.235 -0.576 -0.918 -1.261 -1.603 -1.945 -2.288 -2.630 -2.972 -3.315 -3.657 -4.000 
22.167 21.855 21.542 21.227 20.911 20.593 20.274 19.953 19.631 19.308 18.983 18.656 18.328 17.998 17.667 17.335 17.001 16.666 16.329 15.991 15.652 15.311 14.969 14.625 14.280 13.934 13.587 13.238 12.888 12.537 12.184 11.830 11.475 11.119 10.762 10.403 10.044  9.683  9.321  8.958  8.594  8.229  7.862  7.495  7.126  6.756  6.386  6.013  5.640  5.266  4.890  4.513  4.135  3.755  3.374  2.992  2.608  2.222  1.835  1.447  1.056  0.665  0.271 -0.124 -0.442 -0.762 -1.083 -1.405 -1.728 -2.051 -2.375 -2.700 -3.024 -3.349 -3.675 -4.000 
21.844 21.532 21.219 20.905 20.589 20.272 19.953 19.633 19.312 18.989 18.665 18.340 18.013 17.685 17.355 17.024 16.692 16.358 16.023 15.687 15.349 15.010 14.670 14.328 13.985 13.641 13.295 12.949 12.600 12.251 11.900 11.548 11.195 10.841 10.485 10.128  9.770  9.411  9.051  8.690  8.327  7.964  7.599  7.233  6.867  6.499  6.131  5.761  5.391  5.020  4.648  4.276  3.902  3.528  3.154  2.779  2.403  2.028  1.651  1.275  0.898  0.520  0.143 -0.168 -0.487 -0.806 -1.126 -1.445 -1.764 -2.084 -2.403 -2.722 -3.042 -3.361 -3.681 -4.000 
21.541 21.229 20.916 20.602 20.287 19.970 19.652 19.332 19.012 18.690 18.367 18.042 17.716 17.389 17.061 16.731 16.401 16.068 15.735 15.401 15.065 14.728 14.390 14.051 13.710 13.369 13.026 12.682 12.337 11.991 11.644 11.296 10.947 10.596 10.245  9.893  9.540  9.186  8.831  8.475  8.119  7.761  7.403  7.044  6.684  6.323  5.962  5.600  5.238  4.874  4.511  4.146  3.782  3.416  3.051  2.685  2.318  1.951  1.584  1.217  0.849  0.481  0.113 -0.193 -0.510 -0.827 -1.144 -1.461 -1.779 -2.096 -2.413 -2.730 -3.048 -3.365 -3.683 -4.000 
21.262 20.951 20.638 20.324 20.009 19.693 19.376 19.057 18.737 18.417 18.095 17.771 17.447 17.122 16.795 16.467 16.139 15.809 15.478 15.146 14.813 14.478 14.143 13.807 13.470 13.131 12.792 12.452 12.111 11.768 11.425 11.081 10.736 10.390 10.044  9.696  9.348  8.999  8.649  8.298  7.947  7.595  7.242  6.889  6.535  6.180  5.824  5.469  5.112  4.755  4.398  4.040  3.681  3.323  2.963  2.604  2.244  1.884  1.523  1.162  0.801  0.440  0.078 -0.224 -0.538 -0.853 -1.167 -1.482 -1.796 -2.111 -2.426 -2.741 -3.055 -3.370 -3.685 -4.000 
21.013 20.702 20.389 20.076 19.761 19.445 19.129 18.811 18.492 18.173 17.852 17.530 17.207 16.884 16.559 16.233 15.906 15.578 15.250 14.920 14.589 14.258 13.925 13.592 13.257 12.922 12.586 12.249 11.911 11.573 11.233 10.893 10.552 10.210  9.867  9.524  9.179  8.834  8.489  8.142  7.795  7.448  7.099  6.750  6.400  6.050  5.698  5.346  4.994  4.640  4.286  3.931  3.575  3.218  2.861  2.503  2.143  1.783  1.422  1.060  0.697  0.334 -0.031 -0.329 -0.633 -0.937 -1.242 -1.547 -1.853 -2.159 -2.466 -2.772 -3.079 -3.386 -3.693 -4.000 
20.791 20.479 20.167 19.854 19.539 19.224 18.908 18.591 18.273 17.954 17.634 17.313 16.992 16.669 16.345 16.021 15.695 15.369 15.041 14.713 14.384 14.054 13.723 13.391 13.058 12.724 12.389 12.054 11.717 11.380 11.042 10.703 10.363 10.022  9.680  9.337  8.994  8.649  8.304  7.958  7.611  7.263  6.914  6.565  6.214  5.863  5.511  5.158  4.804  4.449  4.094  3.738  3.381  3.024  2.665  2.307  1.947  1.588  1.227  0.867  0.506  0.145 -0.149 -0.446 -0.742 -1.038 -1.335 -1.631 -1.927 -2.223 -2.519 -2.816 -3.112 -3.408 -3.704 -4.000 
20.582 20.270 19.958 19.645 19.331 19.016 18.700 18.383 18.065 17.747 17.427 17.107 16.786 16.463 16.140 15.816 15.491 15.166 14.839 14.512 14.183 13.854 13.524 13.193 12.861 12.529 12.195 11.861 11.526 11.190 10.854 10.516 10.178  9.840  9.500  9.160  8.819  8.477  8.135  7.792  7.448  7.104  6.759  6.414  6.068  5.722  5.375  5.027  4.680  4.331  3.983  3.633  3.284  2.934  2.584  2.234  1.883  1.532  1.181  0.830  0.478  0.127 -0.162 -0.457 -0.752 -1.047 -1.342 -1.637 -1.933 -2.228 -2.523 -2.819 -3.114 -3.409 -3.705 -4.000 
20.385 20.074 19.762 19.449 19.135 18.820 18.505 18.189 17.872 17.554 17.235 16.915 16.595 16.274 15.952 15.629 15.305 14.981 14.656 14.330 14.003 13.676 13.348 13.019 12.689 12.359 12.028 11.696 11.363 11.030 10.697 10.362 10.027  9.691  9.355  9.018  8.681  8.343  8.004  7.665  7.325  6.985  6.645  6.304  5.962  5.620  5.278  4.935  4.592  4.248  3.904  3.560  3.216  2.871  2.526  2.180  1.835  1.489  1.143  0.797  0.451  0.105 -0.181 -0.474 -0.768 -1.062 -1.355 -1.649 -1.943 -2.237 -2.531 -2.824 -3.118 -3.412 -3.706 -4.000 
20.209 19.897 19.585 19.273 18.959 18.645 18.330 18.014 17.698 17.381 17.063 16.744 16.425 16.105 15.784 15.463 15.140 14.818 14.494 14.170 13.845 13.519 13.193 12.866 12.539 12.211 11.882 11.553 11.223 10.892 10.561 10.229  9.897  9.564  9.231  8.897  8.563  8.228  7.892  7.557  7.220  6.884  6.546  6.209  5.871  5.533  5.194  4.855  4.516  4.176  3.836  3.496  3.155  2.814  2.473  2.132  1.790  1.448  1.107  0.765  0.422  0.080 -0.203 -0.495 -0.787 -1.079 -1.371 -1.663 -1.955 -2.247 -2.539 -2.831 -3.123 -3.416 -3.708 -4.000 
20.052 19.741 19.429 19.116 18.803 18.489 18.175 17.860 17.544 17.227 16.910 16.593 16.274 15.955 15.636 15.315 14.994 14.673 14.351 14.028 13.705 13.381 13.057 12.732 12.406 12.080 11.753 11.426 11.098 10.770 10.441 10.112  9.782  9.452  9.121  8.790  8.458  8.126  7.793  7.460  7.127  6.793  6.459  6.124  5.789  5.454  5.119  4.783  4.447  4.110  3.773  3.436  3.099  2.761  2.424  2.086  1.747  1.409  1.070  0.732  0.393  0.054 -0.227 -0.517 -0.807 -1.097 -1.387 -1.677 -1.968 -2.258 -2.548 -2.839 -3.129 -3.419 -3.710 -4.000 
19.913 19.602 19.290 18.978 18.665 18.351 18.037 17.723 17.407 17.092 16.775 16.458 16.141 15.823 15.504 15.185 14.865 14.545 14.224 13.903 13.581 13.258 12.935 12.612 12.288 11.963 11.638 11.313 10.987 10.660 10.333 10.005  9.677  9.349  9.020  8.690  8.360  8.030  7.699  7.368  7.036  6.703  6.370  6.037  5.703  5.369  5.034  4.698  4.362  4.026  3.689  3.351  3.013  2.675  2.336  1.996  1.656  1.315  0.974  0.632  0.290 -0.052 -0.330 -0.611 -0.893 -1.174 -1.456 -1.739 -2.021 -2.303 -2.586 -2.869 -3.151 -3.434 -3.717 -4.000 
19.788 19.477 19.165 18.853 18.540 18.226 17.913 17.598 17.283 16.968 16.652 16.335 16.018 15.700 15.382 15.063 14.744 14.424 14.103 13.782 13.461 13.139 12.816 12.493 12.170 11.845 11.521 11.195 10.870 10.543 10.216  9.889  9.561  9.233  8.904  8.574  8.244  7.914  7.583  7.251  6.919  6.586  6.253  5.920  5.586  5.251  4.916  4.581  4.245  3.908  3.571  3.234  2.896  2.558  2.220  1.881  1.541  1.202  0.862  0.521  0.181 -0.160 -0.433 -0.707 -0.981 -1.255 -1.529 -1.804 -2.078 -2.352 -2.627 -2.901 -3.176 -3.451 -3.725 -4.000 
19.666 19.355 19.044 18.731 18.419 18.105 17.791 17.477 17.162 16.847 16.531 16.214 15.897 15.580 15.262 14.943 14.624 14.304 13.984 13.663 13.342 13.020 12.698 12.375 12.052 11.728 11.404 11.079 10.754 10.428 10.101  9.775  9.447  9.120  8.791  8.463  8.134  7.804  7.474  7.144  6.813  6.481  6.150  5.818  5.485  5.153  4.820  4.486  4.152  3.818  3.484  3.150  2.815  2.480  2.145  1.809  1.474  1.138  0.803  0.467  0.131 -0.142 -0.417 -0.693 -0.968 -1.244 -1.519 -1.795 -2.070 -2.346 -2.622 -2.897 -3.173 -3.449 -3.724 -4.000 
19.549 19.238 18.927 18.614 18.302 17.989 17.675 17.361 17.046 16.731 16.415 16.099 15.783 15.465 15.148 14.830 14.511 14.192 13.873 13.553 13.232 12.911 12.590 12.268 11.946 11.623 11.300 10.977 10.653 10.328 10.003  9.678  9.353  9.027  8.700  8.374  8.047  7.719  7.392  7.064  6.735  6.407  6.078  5.748  5.419  5.089  4.759  4.429  4.098  3.767  3.437  3.105  2.774  2.443  2.111  1.779  1.448  1.116  0.784  0.451  0.119 -0.151 -0.426 -0.701 -0.976 -1.251 -1.525 -1.800 -2.075 -2.350 -2.625 -2.900 -3.175 -3.450 -3.725 -4.000 
19.442 19.131 18.820 18.508 18.195 17.882 17.569 17.255 16.941 16.626 16.311 15.995 15.679 15.363 15.046 14.729 14.411 14.093 13.774 13.455 13.136 12.816 12.496 12.176 11.855 11.533 11.212 10.890 10.567 10.244  9.921  9.598  9.274  8.950  8.625  8.300  7.975  7.650  7.324  6.998  6.672  6.346  6.019  5.692  5.365  5.037  4.710  4.382  4.054  3.726  3.397  3.069  2.740  2.411  2.082  1.753  1.424  1.094  0.765  0.435  0.106 -0.163 -0.437 -0.711 -0.985 -1.259 -1.533 -1.807 -2.081 -2.355 -2.629 -2.904 -3.178 -3.452 -3.726 -4.000 
19.347 19.036 18.725 18.413 18.101 17.788 17.475 17.161 16.848 16.533 16.219 15.904 15.588 15.273 14.956 14.640 14.323 14.006 13.688 13.370 13.052 12.733 12.414 12.094 11.775 11.455 11.134 10.813 10.492 10.171  9.849  9.527  9.205  8.882  8.560  8.237  7.913  7.589  7.266  6.941  6.617  6.292  5.968  5.642  5.317  4.992  4.666  4.340  4.014  3.688  3.361  3.035  2.708  2.381  2.055  1.727  1.400  1.073  0.746  0.418  0.091 -0.177 -0.450 -0.723 -0.996 -1.269 -1.542 -1.815 -2.088 -2.361 -2.634 -2.907 -3.181 -3.454 -3.727 -4.000 
19.264 18.953 18.641 18.329 18.017 17.705 17.392 17.079 16.765 16.452 16.137 15.823 15.508 15.193 14.877 14.561 14.245 13.929 13.612 13.295 12.977 12.659 12.341 12.023 11.704 11.385 11.066 10.746 10.426 10.106  9.786  9.465  9.144  8.823  8.501  8.180  7.858  7.535  7.213  6.890  6.568  6.244  5.921  5.598  5.274  4.950  4.626  4.302  3.978  3.653  3.328  3.004  2.679  2.354  2.028  1.703  1.378  1.052  0.727  0.401  0.075 -0.191 -0.463 -0.735 -1.007 -1.279 -1.551 -1.823 -2.095 -2.367 -2.639 -2.911 -3.184 -3.456 -3.728 -4.000 
